#1.txt -1/0/1
328,314,358
150,635,215
315,433,252
297,106,597
237,458,305

#2.txt -1/0/1
214,517,269
235,448,317
218,581,201
263,141,596
228,473,299

#all
1327,1946,1727
1158,2160,1682

#majority labels for 1
262,405,333
[4, 56, 59, 93, 100, 124, 129, 138, 141, 181, 183, 186, 211, 231, 243, 246, 250, 294, 300, 319, 321, 322, 353, 356, 358, 360, 368, 375, 379, 383, 412, 424, 430, 432, 444, 457, 467, 485, 539, 576, 577, 589, 591, 594, 626, 638, 646, 649, 691, 741, 774, 775, 788, 799, 832, 849, 859, 872, 878, 885, 926, 932, 939, 949, 960, 987]
66 no majority labels
An example:
141 有同事拿月餅出來才記得今天是中秋[吃惊]	-1

#majority labels for 2
212,485,303
[16, 82, 103, 129, 163, 174, 185, 204, 211, 223, 268, 283, 343, 358, 364, 381, 389, 401, 409, 425, 444, 464, 499, 511, 541, 544, 644, 669, 728, 733, 749, 767, 798, 864, 912, 932, 946, 952, 958, 959, 984, 985]
42 no majority labels

#learning curve
0.63      0.63      0.62
0.62      0.63      0.62
0.64      0.64      0.63
0.64      0.64      0.62
0.63      0.64      0.62
0.67      0.67      0.66
0.68      0.67      0.66
0.70      0.70      0.69
0.70      0.70      0.69
0.70      0.70      0.69
